a=1:5
b=a*3